9
model_part0 base
8
-24 1 16 1
-24 1 -14 1
-22 1 -14 1
-24 1 16 1
-22 1 -14 1
-22 1 16 1
-24 1 -16 1
24 1 -16 1
24 1 -14 1
-24 1 -16 1
24 1 -14 1
-24 1 -14 1
22 1 16 1
22 1 -14 1
24 1 -14 1
22 1 16 1
24 1 -14 1
24 1 16 1
-1.0000000000000009 1 16 1
-0.9999999999999991 1 -14 1
1.0000000000000009 1 -14 1
-1.0000000000000009 1 16 1
1.0000000000000009 1 -14 1
0.9999999999999991 1 16 1
model_part1 leftWall
6
-24 1 16 0
-24 1 -14 0
-22 1 -14 0
-24 1 16 0
-22 1 -14 0
-22 1 16 0
-22 21 -14 1
-22 1 -14 1
-24 1 -14 1
-22 21 -14 1
-24 1 -14 1
-24 21 -14 1
-22 21 -14 1
-24 21 -14 1
-24 21 16 1
-22 21 -14 1
-24 21 16 1
-22 21 16 1
model_part2 backWall
4
-24 1 -16 0
24 1 -16 0
24 1 -14 0
-24 1 -16 0
24 1 -14 0
-24 1 -14 0
24 21 -14 0
-24 21 -14 0
-24 1 -14 0
24 21 -14 0
-24 1 -14 0
24 1 -14 0
model_part3 rightWall
6
22 1 16 0
22 1 -14 0
24 1 -14 0
22 1 16 0
24 1 -14 0
24 1 16 0
24 21 -14 1
24 1 -14 1
22 1 -14 1
24 21 -14 1
22 1 -14 1
22 21 -14 1
24 21 -14 1
22 21 -14 1
22 21 16 1
24 21 -14 1
22 21 16 1
24 21 16 1
model_part4 interWall
4
-1.0000000000000009 1 16 0
-0.9999999999999991 1 -14 0
1.0000000000000009 1 -14 0
-1.0000000000000009 1 16 0
1.0000000000000009 1 -14 0
0.9999999999999991 1 16 0
1.0000000000000009 21 -14 1
1.0000000000000009 1 -14 1
-0.9999999999999991 1 -14 1
1.0000000000000009 21 -14 1
-0.9999999999999991 1 -14 1
-0.9999999999999991 21 -14 1
model_part5 rightTriangle
6
22 21 -16 1
22 31 -6.123233995736766e-17 1
24 31 6.123233995736766e-17 1
22 21 -16 1
24 31 6.123233995736766e-17 1
24 21 -16 1
22 21 16 1
22 31 -6.123233995736766e-17 1
24 31 6.123233995736766e-17 1
22 21 16 1
24 31 6.123233995736766e-17 1
24 21 16 1
22 21 16 0
22 21 -16 0
24 21 -16 0
22 21 16 0
24 21 -16 0
24 21 16 0
model_part6 leftTriangle
6
-24 21 -16 1
-24 31 -6.123233995736766e-17 1
-22 31 6.123233995736766e-17 1
-24 21 -16 1
-22 31 6.123233995736766e-17 1
-22 21 -16 1
-24 21 16 1
-24 31 -6.123233995736766e-17 1
-22 31 6.123233995736766e-17 1
-24 21 16 1
-22 31 6.123233995736766e-17 1
-22 21 16 1
-24 21 16 0
-24 21 -16 0
-22 21 -16 0
-24 21 16 0
-22 21 -16 0
-22 21 16 0
model_part7 roof
2
-24 31 -1.4695761589768238e-15 0
24 31 1.4695761589768238e-15 0
24 21 -15.999999999999998 0
-24 31 -1.4695761589768238e-15 0
24 21 -15.999999999999998 0
-24 21 -16 0
model_part8 roof
2
-24 31 -1.4695761589768238e-15 0
24 31 1.4695761589768238e-15 0
24 21 16 0
-24 31 -1.4695761589768238e-15 0
24 21 16 0
-24 21 15.999999999999998 0